5126549.087443098
2834863.149732206
15464024.561388155
12161208.425064309
3323852.227975731
6524925.021542294
6018408.037895627
2960599.3032459226
3788910.8411354246
3305744.074266142
9775751.468630916
16376543.950450199
11083882.09375675
10636541.403441515
295872.28988684365
11144874.256438954
12938134.376995062
1306200.1368714846
4937823.439660395
14649603.704213455
16061698.74006111
7970626.432650344
13416400.92224683
12215290.846463177
16374591.217117792
1298654.1292180773
8760536.445172591
12391858.161531854
1323232.8981855826
2293084.9492782145




3727674.0520863384
688240.1997470297
13274375.283347152
6680691.737022833
13390013.599864498
2823596.264778287
14900489.589751553
9531348.768634344
607414.7200282314
7042118.133141106
10022897.331894172
803409.5010695164
14692253.11679364
3418536.418348347
15831751.310280409
11623188.380368607
1637841.809634614
11460118.507701525
7343966.913409008
12543448.75546347
10622811.113522941
14789576.445159037
25820.98014515941
10492367.469871532
16297832.343826566
12357866.327172466
15170387.34591208
688746.2540392298
16440301.278256055
4620649.978019355